3 3 3 3 3 3 8 8 3 3 3 3 3 3 3 3 3 3 3 3 3 6 6 6 6 6 6 6 6 6 6 6 6 6 6 6 6 6 6 6 6 6 6 6 6 6 6 6 6 6
3 3 3 3 3 3 8 8 3 3 3 3 3 3 3 3 3 3 3 6 6 6 5 5 5 5 5 5 5 5 5 5 5 5 5 5 5 5 5 5 5 5 5 5 5 5 5 5 5 5
3 3 3 3 3 3 8 8 8 3 3 3 3 3 3 3 3 3 3 6 6 5 2 2 2 2 2 2 2 2 2 2 2 2 2 2 2 2 2 2 2 2 2 2 2 2 2 2 5 5
3 3 3 3 3 3 8 8 8 8 8 3 3 3 3 3 3 3 3 6 5 5 2 2 2 2 2 2 2 2 2 2 2 2 2 2 2 2 2 2 2 2 2 2 2 2 2 2 5 5
3 3 3 3 3 3 3 3 8 8 8 8 3 3 3 3 3 3 3 6 5 5 2 2 3 3 3 3 3 3 3 2 2 3 3 3 3 3 3 3 3 3 3 3 3 3 3 3 5 5
3 3 3 7 7 7 7 7 7 8 8 8 3 3 3 3 3 3 3 6 5 5 2 2 3 7 7 7 7 7 7 4 4 7 7 7 7 7 7 7 7 7 7 7 7 3 3 3 5 5
3 3 3 7 10 10 10 10 7 8 8 8 8 8 3 3 3 3 3 6 5 5 2 2 3 7 4 4 4 4 4 4 4 4 4 7 1 1 1 1 1 1 1 1 7 7 7 3 5 5
3 3 3 7 10 10 10 10 7 3 3 8 8 8 8 8 3 3 3 6 5 5 2 2 3 7 4 4 4 4 4 4 4 4 4 7 1 1 1 1 1 1 1 1 1 1 7 3 5 5
3 3 3 7 10 10 10 10 7 3 3 3 3 8 8 8 3 3 3 6 5 5 2 2 3 7 4 4 4 4 4 4 4 4 4 7 1 1 1 1 1 1 1 1 1 1 7 3 5 5
3 7 7 7 10 10 10 10 7 3 3 3 3 8 8 8 8 8 3 6 5 5 2 2 3 7 4 4 4 4 4 4 4 4 4 7 1 1 1 1 1 1 1 1 1 1 7 3 5 5
3 7 10 10 10 10 10 10 10 7 7 7 7 7 7 8 8 8 3 6 5 5 2 2 3 7 4 4 4 4 4 4 4 4 4 7 1 1 1 1 1 1 1 1 7 7 7 3 5 5
3 7 10 10 10 10 10 10 10 10 10 10 10 10 7 7 8 8 6 6 6 5 2 2 3 7 4 4 4 4 4 4 4 4 4 7 1 1 1 1 1 1 1 1 7 3 3 3 5 5
3 7 10 10 10 10 10 10 10 10 10 10 10 10 10 10 10 10 10 10 10 10 2 2 3 7 7 4 4 4 4 4 4 4 4 7 1 1 1 1 1 1 1 1 7 3 3 3 5 5
3 7 10 10 10 10 10 10 10 10 10 10 10 10 10 10 10 10 10 10 10 10 2 2 3 3 7 7 7 7 7 4 4 7 7 7 1 1 1 1 1 1 1 1 7 3 3 3 5 5
3 7 10 10 10 10 10 10 10 10 10 10 10 10 10 10 7 8 8 6 6 5 3 3 3 3 3 3 7 9 9 9 9 9 9 7 1 1 1 1 1 1 1 1 7 3 3 3 5 5
3 7 10 10 10 10 10 10 10 10 10 10 10 10 10 10 7 8 8 3 6 5 5 3 3 3 3 3 7 9 9 9 9 9 9 7 1 1 1 1 1 1 7 7 7 3 3 3 5 5
3 7 7 7 10 10 10 10 10 10 10 10 10 10 10 7 7 8 8 3 6 6 5 3 3 3 3 3 7 9 9 9 9 9 9 7 7 4 4 4 4 4 7 3 3 3 3 3 5 5
3 3 3 7 7 7 7 7 7 7 7 7 7 7 7 7 3 8 8 3 3 6 5 3 3 3 3 3 7 9 9 9 9 9 9 4 4 4 4 4 4 4 7 3 3 3 3 3 5 5
3 3 3 3 3 3 3 3 3 3 3 3 3 3 3 3 3 8 8 3 3 6 5 3 3 3 3 3 7 9 9 9 9 9 9 4 4 4 4 4 4 4 7 3 3 3 3 3 5 5
3 3 3 3 3 3 3 3 3 3 3 3 3 3 3 3 3 8 8 3 3 6 5 3 3 3 3 3 7 7 9 9 9 9 7 4 4 4 4 4 4 4 7 3 3 3 3 3 5 5
3 3 3 3 3 3 3 3 3 3 3 3 3 3 3 3 3 8 8 3 3 6 5 5 3 3 3 3 3 7 7 7 7 7 7 4 4 4 4 4 4 4 7 3 3 3 3 3 5 5
3 3 3 3 3 3 3 3 3 3 3 3 3 3 3 3 3 8 8 3 3 6 5 5 3 3 3 3 3 3 3 3 3 7 4 4 4 4 4 4 4 4 7 3 3 3 3 3 5 5
3 3 3 3 3 3 3 3 3 3 3 3 3 3 3 3 3 8 8 3 3 6 5 5 3 3 3 3 3 3 3 3 3 7 4 4 4 4 4 4 4 4 7 7 3 3 3 3 5 5
3 3 3 3 3 3 3 3 3 3 3 3 3 3 3 3 3 8 8 3 3 6 6 5 5 3 3 3 3 3 3 3 7 7 4 4 4 4 4 4 4 4 4 7 7 7 7 7 5 5
3 3 3 3 3 3 3 3 3 3 3 3 3 3 3 3 3 8 8 3 3 3 6 5 5 3 3 3 3 3 7 7 7 10 10 10 10 10 10 10 10 10 10 10 10 10 10 7 5 5
3 3 3 3 3 3 3 3 3 3 3 3 3 3 3 3 3 8 8 3 3 3 6 5 5 5 3 3 7 7 7 10 10 10 10 10 10 10 10 10 10 10 10 10 10 10 10 7 5 5
3 3 3 3 3 3 3 3 3 3 3 3 3 3 3 3 3 8 8 8 3 3 6 5 5 5 3 7 7 10 10 10 10 10 10 10 10 10 10 10 10 10 10 10 10 10 7 7 5 5
3 3 3 3 3 3 3 3 3 3 3 3 3 3 3 3 3 8 8 8 3 3 6 6 5 5 3 7 10 10 10 10 10 10 10 10 10 10 10 10 10 10 10 10 10 10 7 3 5 5
3 3 3 3 3 3 3 3 3 3 3 3 3 3 3 3 3 8 8 8 3 3 3 6 5 5 3 7 10 10 10 10 10 10 10 10 10 10 10 10 10 10 10 10 10 10 7 3 5 5
3 3 3 3 3 3 3 3 3 3 3 3 3 3 3 3 3 8 8 8 8 3 3 6 6 5 3 7 7 7 10 10 10 10 10 10 10 10 10 10 10 10 10 10 10 10 7 3 5 5
3 3 3 3 3 3 3 3 3 3 3 3 3 3 3 3 3 8 8 8 8 8 3 6 6 5 3 3 3 3 7 7 10 10 10 10 10 7 7 7 7 7 10 10 10 7 7 5 5 5
3 3 3 3 3 3 3 3 3 3 3 3 3 3 3 3 3 8 8 8 8 8 3 3 6 5 5 5 3 3 3 7 10 10 10 10 7 3 3 3 3 7 7 7 7 7 3 5 5 5
3 3 3 3 3 3 3 3 3 3 3 3 3 3 3 3 3 8 8 8 8 8 3 3 6 6 5 5 5 3 3 7 7 10 10 10 7 3 3 3 3 3 3 3 3 3 5 5 5 6
3 3 3 3 3 3 3 3 3 3 3 3 3 3 3 3 3 8 8 8 8 8 3 3 3 6 6 6 5 5 5 3 7 7 7 7 7 3 3 5 5 5 5 5 5 5 5 6 6 6
3 3 3 3 3 3 3 3 3 3 3 3 3 3 3 3 3 8 8 8 8 8 3 3 3 3 3 6 6 6 5 5 5 5 5 5 5 5 5 5 5 5 5 6 6 6 6 6 3 3
3 3 3 3 3 3 3 3 3 3 3 3 3 3 3 3 3 3 8 8 8 8 3 3 3 3 3 3 3 6 6 6 5 5 5 5 5 5 5 6 6 6 6 6 6 3 3 3 3 3
3 3 3 3 3 3 3 3 3 3 3 3 3 3 3 3 3 3 8 8 8 8 3 3 3 3 3 3 3 3 3 6 6 6 6 6 6 6 6 6 3 3 3 3 3 3 3 3 3 3
3 3 3 3 3 3 3 3 3 3 3 3 3 3 3 3 3 3 8 8 8 8 8 3 3 3 3 3 3 3 3 3 3 3 3 3 3 3 3 3 3 3 3 3 3 3 3 3 3 3
3 3 3 3 3 3 3 3 3 3 3 3 3 3 3 3 3 3 3 8 8 8 8 3 3 3 3 3 3 3 3 3 3 3 3 3 3 3 3 3 3 3 3 3 3 3 3 3 3 3
3 3 3 3 3 3 3 3 3 3 3 3 3 3 3 3 3 3 3 8 8 8 8 8 3 3 3 3 3 3 3 3 3 3 3 3 3 3 3 3 3 3 3 3 3 3 3 3 3 3
3 3 3 3 3 3 3 3 3 3 3 3 3 3 3 3 3 3 3 8 8 8 8 8 3 3 3 3 3 3 3 3 3 3 3 3 3 3 3 3 3 3 3 3 3 3 3 3 3 3
3 3 3 3 3 3 3 3 3 3 3 3 3 3 3 3 3 3 3 8 8 8 8 8 3 3 3 3 3 3 3 3 3 3 3 3 3 3 3 3 3 3 3 3 3 3 3 3 3 3
3 3 3 3 3 3 3 3 3 3 3 3 3 3 3 3 3 3 3 3 8 8 8 8 3 3 3 3 3 3 3 3 3 3 3 3 3 3 3 3 3 3 3 3 3 3 3 3 3 3
3 3 3 3 3 3 3 3 3 3 3 3 3 3 3 3 3 3 3 3 8 8 8 3 3 3 3 3 3 3 3 3 3 3 3 3 3 3 3 3 3 3 3 3 3 3 3 3 3 3
3 3 3 3 3 3 3 3 3 3 3 3 3 3 3 3 3 3 3 3 8 8 8 3 3 3 3 3 3 3 3 3 3 3 3 3 3 3 3 3 3 3 3 3 3 3 3 3 3 3
3 3 3 3 3 3 3 3 3 3 3 3 3 3 3 3 3 3 3 3 3 8 8 8 3 3 3 3 3 3 3 3 3 3 3 3 3 3 3 3 3 3 3 3 3 3 3 3 3 3
3 3 3 3 3 3 3 3 3 3 3 3 3 3 3 3 3 3 3 3 3 8 8 8 8 3 3 3 3 3 3 3 3 3 3 3 3 3 3 3 3 3 3 3 3 3 3 3 3 3
3 3 3 3 3 3 3 3 3 3 3 3 3 3 3 3 3 3 3 3 3 8 8 8 8 8 3 3 3 3 3 3 3 3 3 3 3 3 3 3 3 3 3 3 3 3 3 3 3 3
3 3 3 3 3 3 3 3 3 3 3 3 3 3 3 3 3 3 3 3 3 3 8 8 8 8 3 3 3 3 3 3 3 3 3 3 3 3 3 3 3 3 3 3 3 3 3 3 3 3
3 3 3 3 3 3 3 3 3 3 3 3 3 3 3 3 3 3 3 3 3 3 8 8 8 8 3 3 3 3 3 3 3 3 3 3 3 3 3 3 3 3 3 3 3 3 3 3 3 3
